81
1, 5, 10
21
1, 33, 90, 91, 92, 93, 94, 95, 96, 97, 98
99
1, 30, 60
50
1, 30, 60, 90
60
1, 8, 9, 11, 12, 100
120
1, 2, 3, 4, 5, 6
2
1
47
1, 47
47
1, 302, 402, 595, 596, 597, 598, 599, 600, 601, 602
1206
1, 999, 1000
997002
1, 999, 1000
996002
1, 997, 998, 999, 1000
1994
1, 90, 900, 994, 995, 996, 997, 998, 999, 1000
1980
1, 89, 90, 900, 994, 995, 996, 997, 998, 999, 1000
1980
1, 5, 65, 66, 67, 68, 69, 70, 200, 1000
210
1, 5, 65, 66, 67, 68, 69, 70, 200, 1000
1210
1, 5, 65, 66, 67, 68, 69, 70, 200, 1000
410
1, 5, 70, 190, 191, 192, 193, 194, 195, 196, 197, 198, 199, 200, 1000
210
1, 5, 70, 190, 191, 192, 193, 194, 195, 196, 197, 198, 199, 200, 1000
280
1, 5, 70, 191, 192, 193, 194, 195, 196, 197, 198, 199, 200, 1000
280
1, 12, 45, 57, 62, 173, 192, 654, 721, 854
9692
1, 12, 45, 57, 62, 173, 192, 654, 721, 854, 857
95648
1, 12, 45, 57, 62, 173, 192, 654, 721, 854, 857
95647
1, 12, 45, 57, 62, 173, 192, 654, 721, 854, 857
956480
1, 12, 45, 57, 62, 173, 192, 654, 721, 849, 854, 857
720801
1
5819977
1
953255819977
1, 866
6
1, 146, 225, 330, 719
434169
1, 266, 320, 395, 452, 459, 581, 915, 928, 948, 991, 1000
2877532
1, 45, 98, 126, 233, 317, 344, 390, 457, 551, 643, 683, 765
5
1, 97, 114, 243, 267, 309, 380, 418, 491, 578, 582, 726, 810, 888
7753
1, 25, 56, 175, 198, 363, 521, 536, 657, 664, 686, 688, 740, 858, 968
53086129
1, 13, 20, 22, 254, 366, 399, 405, 434, 491, 496, 542, 610, 674, 684, 913, 969
33
1, 28, 39, 164, 209, 214, 448, 452, 488, 519, 541, 580, 588, 684, 691, 764, 860, 901, 1000
89868
1, 11, 41, 66, 134, 195, 283, 401, 412, 414, 526, 536, 578, 603, 679, 692, 752, 815, 828, 846
2
1, 19, 22, 39, 133, 147, 159, 249, 347, 498, 570, 615, 644, 646, 657, 680, 685, 694, 709, 722, 731, 797
132216
1, 84, 93, 229, 256, 291, 301, 304, 321, 390, 443, 535, 575, 611, 699, 756, 779, 794, 883, 897, 923, 965, 992
10
1, 29, 58, 106, 133, 182, 206, 316, 369, 421, 475, 500, 599, 638, 673, 687, 694, 699, 794, 835, 850, 887, 919, 953, 963, 983
7633
1, 149, 203, 205, 296, 370, 384, 392, 483, 498, 514, 529, 557, 588, 598, 625, 638, 683, 696, 763, 777, 780, 806, 897, 922, 976
2003584172
1, 14, 38, 58, 69, 74, 173, 239, 247, 254, 280, 381, 389, 435, 446, 474, 494, 552, 574, 580, 589, 660, 702, 837, 847, 854, 867, 871, 944
75318
1, 16, 30, 62, 77, 83, 85, 102, 117, 183, 207, 229, 251, 388, 399, 449, 594, 648, 649, 672, 687, 689, 690, 698, 716, 728, 730, 755, 785, 830, 890, 919
522787
1, 99, 102, 165, 199, 244, 254, 271, 296, 313, 328, 356, 396, 415, 431, 436, 441, 445, 486, 502, 510, 513, 543, 562, 563, 569, 625, 674, 760, 761, 893, 937, 944
8113978
1, 3, 63, 99, 129, 130, 140, 153, 168, 191, 196, 211, 218, 233, 234, 342, 408, 498, 508, 515, 562, 576, 594, 641, 650, 708, 779, 786, 800, 816, 836, 928, 932, 937, 951
6895334
1, 47, 60, 115, 139, 238, 241, 291, 345, 348, 378, 468, 507, 508, 513, 523, 565, 591, 599, 636, 644, 650, 651, 661, 710, 720, 748, 756, 778, 794, 853, 884, 893, 936, 957, 962
10036
1, 32, 78, 82, 111, 123, 191, 204, 211, 244, 279, 286, 319, 376, 453, 454, 485, 524, 550, 561, 598, 681, 685, 717, 725, 733, 773, 811, 875, 901, 919, 925, 926, 932, 972, 980
42
1, 9, 19, 42, 110, 113, 127, 135, 255, 311, 326, 328, 370, 374, 388, 404, 417, 489, 567, 570, 642, 683, 708, 715, 717, 750, 757, 760, 779, 832, 891, 892, 897, 931, 962, 986, 992
4
1, 60, 74, 83, 106, 137, 186, 199, 260, 270, 291, 342, 345, 346, 393, 398, 411, 471, 518, 521, 535, 538, 568, 574, 618, 632, 676, 710, 745, 782, 792, 814, 819, 852, 910, 914, 955, 957
864956482
1, 57, 93, 107, 189, 193, 210, 213, 218, 219, 225, 246, 278, 289, 314, 320, 322, 333, 356, 398, 410, 427, 465, 559, 598, 616, 624, 658, 674, 702, 725, 752, 756, 801, 820, 825, 854, 871, 894, 920
991422285
1, 54, 57, 60, 103, 122, 140, 192, 230, 232, 257, 271, 294, 338, 341, 346, 354, 371, 372, 425, 432, 434, 498, 560, 573, 591, 606, 619, 673, 687, 766, 808, 828, 831, 835, 883, 901, 909, 921, 925, 933
66649034
1, 3, 17, 18, 50, 90, 167, 208, 250, 368, 376, 391, 410, 413, 418, 434, 495, 497, 500, 504, 536, 555, 558, 593, 646, 673, 689, 695, 701, 748, 775, 831, 833, 852, 859, 889, 906, 917, 934, 953, 954, 955, 994
44650351
1, 37, 78, 94, 123, 147, 156, 179, 197, 213, 218, 226, 259, 318, 344, 355, 394, 395, 415, 416, 468, 489, 517, 522, 523, 552, 555, 580, 599, 621, 622, 625, 627, 662, 677, 686, 696, 761, 800, 831, 845, 868, 924, 988
1381
1, 39, 43, 87, 184, 228, 292, 304, 329, 356, 357, 404, 412, 415, 448, 488, 493, 497, 530, 539, 590, 604, 616, 632, 642, 662, 665, 672, 681, 690, 703, 707, 750, 752, 761, 802, 817, 824, 825, 846, 854, 865, 898, 918
59221
1, 53, 66, 72, 77, 98, 115, 128, 136, 147, 153, 165, 184, 218, 243, 272, 275, 287, 292, 300, 374, 386, 387, 408, 410, 416, 476, 523, 558, 601, 610, 639, 651, 709, 714, 731, 784, 823, 835, 839, 857, 895, 901, 938, 990
72133877
1, 13, 22, 36, 54, 111, 151, 152, 200, 205, 211, 217, 225, 227, 229, 246, 275, 334, 362, 374, 431, 439, 479, 494, 510, 515, 530, 550, 573, 596, 611, 626, 679, 685, 727, 767, 831, 847, 859, 861, 869, 881, 889, 895, 907, 931, 995
500
1, 83, 100, 104, 105, 122, 124, 164, 184, 218, 232, 241, 266, 276, 280, 370, 384, 390, 399, 442, 465, 520, 541, 597, 627, 631, 642, 656, 680, 712, 719, 733, 742, 759, 762, 763, 797, 809, 846, 854, 879, 898, 900, 911, 958, 965, 973, 986, 993
763856971
1, 962
103638
1, 818, 873, 891, 906, 987
38044
1, 826, 840, 879, 898, 933, 963, 967
160160
1, 803, 817, 827, 841, 843, 848, 908, 939, 953
4468552
1, 832, 836, 837, 846, 868, 875, 887, 911, 925, 930, 970, 999
234889708
1, 806, 842, 850, 856, 880, 888, 897, 899, 917, 921, 929, 947, 968, 985, 993, 995
1282
1, 801, 803, 805, 807, 837, 848, 866, 877, 879, 904, 905, 910, 915, 936, 938, 946, 957, 979, 981, 984, 989, 999
52566
1, 811, 825, 838, 862, 869, 876, 878, 879, 886, 888, 890, 918, 921, 928, 939, 945, 952, 953, 954, 962, 963, 979, 980, 982, 998
2946
1, 806, 808, 824, 833, 837, 840, 845, 846, 863, 874, 875, 876, 887, 902, 909, 913, 925, 932, 938, 939, 949, 950, 954, 956, 957, 976, 978, 989, 995
7556829
1, 804, 807, 817, 825, 830, 837, 856, 863, 864, 866, 870, 874, 884, 891, 892, 893, 895, 900, 903, 905, 908, 916, 919, 922, 933, 936, 950, 975, 980, 989, 994, 997
24019
1, 800, 801, 805, 808, 811, 820, 831, 837, 841, 842, 856, 860, 865, 870, 888, 889, 898, 903, 916, 917, 922, 924, 933, 934, 944, 946, 958, 961, 976, 978, 990, 996, 999
645072563
1, 800, 802, 813, 815, 817, 826, 828, 839, 841, 847, 849, 853, 861, 863, 866, 881, 887, 897, 898, 900, 902, 906, 916, 926, 934, 938, 949, 950, 964, 965, 985, 991, 993
979854
1, 801, 806, 807, 809, 812, 814, 821, 836, 842, 846, 855, 862, 865, 868, 870, 876, 880, 889, 890, 892, 897, 910, 920, 922, 926, 927, 929, 932, 933, 934, 936, 937, 941, 942, 946, 957, 959, 966, 968, 978, 985, 993, 994, 995, 999
30956453
1, 21, 367, 563, 731, 987
6248
1, 23, 29, 52, 274, 343, 351, 400, 494, 502, 582, 826, 897
826
1, 998, 1000
498002
1, 999, 1000
997002
1, 999, 1000
56943
1, 8, 9, 10
17
1, 999, 1000
998002
1, 999, 1000
776223
1, 999, 1000
501498
1, 999, 1000
100000007
1, 4, 8, 16, 30
32
1, 999, 1000
68931
